  0.28209479177387814     
  0.28209479177387814     
  0.28209479177387814     
  0.28209479177387814     
  0.28209479177387814     
  0.28209479177387814     
  0.28209479177387814     
  0.28209479177387814     
   0.0000000000000000     
   0.0000000000000000     
  0.39894228040143270     
  0.39894228040143270     
   4.8856338673816042E-017
   4.8856338673816042E-017
 -0.39894228040143270     
 -0.39894228040143270     
  0.28209479177387820     
 -0.28209479177387820     
  0.28209479177387820     
 -0.28209479177387820     
  0.28209479177387820     
 -0.28209479177387820     
  0.28209479177387820     
 -0.28209479177387820     
  0.39894228040143270     
  0.39894228040143270     
   2.4428169336908021E-017
   2.4428169336908021E-017
 -0.39894228040143270     
 -0.39894228040143270     
  -7.3284508010724063E-017
  -7.3284508010724063E-017
   0.0000000000000000     
   0.0000000000000000     
   4.4599531281268448E-017
   4.4599531281268448E-017
  -8.9199062562536895E-017
  -8.9199062562536895E-017
   1.3379859384380533E-016
   1.3379859384380533E-016
   0.0000000000000000     
  -0.0000000000000000     
  0.51503226936425295     
 -0.51503226936425295     
   6.3073262013452977E-017
  -6.3073262013452977E-017
 -0.51503226936425295     
  0.51503226936425295     
   7.0030995503183046E-017
   7.0030995503183046E-017
   7.0030995503183046E-017
   7.0030995503183046E-017
   7.0030995503183046E-017
   7.0030995503183046E-017
   7.0030995503183046E-017
   7.0030995503183046E-017
  0.51503226936425295     
 -0.51503226936425295     
   3.1536631006726488E-017
  -3.1536631006726488E-017
 -0.51503226936425295     
  0.51503226936425295     
  -9.4609893020179459E-017
   9.4609893020179459E-017
