   0.0000000000000000        288.14999999999998     
   1000.0000000000000        281.64999999999998     
   2000.0000000000000        275.14999999999998     
   3000.0000000000000        268.64999999999998     
   4000.0000000000000        262.14999999999998     
   5000.0000000000000        255.64999999999998     
   6000.0000000000000        249.14999999999998     
   7000.0000000000000        242.64999999999998     
   8000.0000000000000        236.14999999999998     
   9000.0000000000000        229.64999999999998     
   10000.000000000000        223.14999999999998     
   11000.000000000000        216.64999999999998     
   12000.000000000000        216.64999999999998     
   13000.000000000000        216.64999999999998     
   14000.000000000000        216.64999999999998     
   15000.000000000000        216.64999999999998     
   16000.000000000000        216.64999999999998     
   17000.000000000000        216.64999999999998     
   18000.000000000000        216.64999999999998     
   19000.000000000000        216.64999999999998     
   20000.000000000000        216.64999999999998     
   21000.000000000000        217.64999999999998     
   22000.000000000000        218.64999999999998     
   23000.000000000000        219.64999999999998     
   24000.000000000000        220.64999999999998     
   25000.000000000000        221.64999999999998     
   26000.000000000000        222.64999999999998     
   27000.000000000000        223.64999999999998     
   28000.000000000000        224.64999999999998     
   29000.000000000000        225.64999999999998     
   30000.000000000000        226.64999999999998     
   31000.000000000000        227.64999999999998     
   32000.000000000000        228.64999999999998     
   33000.000000000000        231.44999999999999     
   34000.000000000000        234.24999999999997     
   35000.000000000000        237.04999999999998     
   36000.000000000000        239.84999999999997     
   37000.000000000000        242.64999999999998     
   38000.000000000000        245.44999999999999     
   39000.000000000000        248.24999999999997     
   40000.000000000000        251.04999999999998     
   41000.000000000000        253.84999999999997     
   42000.000000000000        256.64999999999998     
   43000.000000000000        259.44999999999999     
   44000.000000000000        262.25000000000000     
   45000.000000000000        265.04999999999995     
   46000.000000000000        267.84999999999997     
   47000.000000000000        270.64999999999998     
   48000.000000000000        270.64999999999998     
   49000.000000000000        270.64999999999998     
   50000.000000000000        270.64999999999998     
   51000.000000000000        270.64999999999998     
   52000.000000000000        267.84999999999997     
   53000.000000000000        265.04999999999995     
   54000.000000000000        262.25000000000000     
   55000.000000000000        259.44999999999999     
   56000.000000000000        256.64999999999998     
   57000.000000000000        253.84999999999997     
   58000.000000000000        251.04999999999998     
   59000.000000000000        248.24999999999997     
   60000.000000000000        245.44999999999999     
   61000.000000000000        242.64999999999998     
   62000.000000000000        239.84999999999997     
   63000.000000000000        237.04999999999998     
   64000.000000000000        234.24999999999997     
   65000.000000000000        231.44999999999999     
   66000.000000000000        228.64999999999998     
   67000.000000000000        225.84999999999997     
   68000.000000000000        223.04999999999998     
   69000.000000000000        220.24999999999997     
   70000.000000000000        217.44999999999999     
   71000.000000000000        214.64999999999998     
   72000.000000000000        212.64999999999998     
   73000.000000000000        210.64999999999998     
   74000.000000000000        208.64999999999998     
   75000.000000000000        206.64999999999998     
   76000.000000000000        204.64999999999998     
   77000.000000000000        202.64999999999998     
   78000.000000000000        200.64999999999998     
   79000.000000000000        198.64999999999998     
   80000.000000000000        196.64999999999998     
   81000.000000000000        194.64999999999998     
   82000.000000000000        192.64999999999998     
   83000.000000000000        190.64999999999998     
   84000.000000000000        188.64999999999998     
   85000.000000000000        186.86999999999998     
   86000.000000000000        186.86999999999998     
   87000.000000000000        186.86999999999998     
   88000.000000000000        186.86999999999998     
   89000.000000000000        186.86999999999998     
   90000.000000000000        186.86999999999998     
   91000.000000000000        186.86999999999998     
   92000.000000000000        186.86999999999998     
   93000.000000000000        186.86999999999998     
   94000.000000000000        186.86999999999998     
   95000.000000000000        186.86999999999998     
   96000.000000000000        186.86999999999998     
   97000.000000000000        186.86999999999998     
   98000.000000000000        186.86999999999998     
   99000.000000000000        186.86999999999998     
