   1.0001825000000000        79301.559398948695     
   2.0003649999999999        75200.687468505770     
   3.1022409999999998        72517.294412253337     
   4.6660839999999997        69956.358917141653     
   6.8279769999999997        67493.552371803176     
   9.7469660000000005        65120.498537892323     
   13.605423999999999        62833.181988809578     
   18.608930999999998        60627.686016762280     
   24.985717999999995        58500.215566242485     
   32.985709999999997        56447.114670704897     
   42.879241999999998        54464.874143967732     
   54.955463000000002        52550.141844523219     
   69.520576000000005        50700.183864083636     
   86.895882000000000        48932.822256598563     
   107.41574100000000        47253.332723922838     
   131.42550700000001        45664.458755271829     
   159.27940400000000        44174.451181673037     
   191.33856200000000        42774.644452925917     
   227.96894799999998        41457.082156541015     
   269.53958100000000        40214.701101902436     
   316.42074600000001        39041.212222498492     
   368.98236100000003        37930.998712177214     
   427.59249899999998        36879.029334546358     
   492.61602799999997        35880.785163802910     
   564.41345200000001        34932.196131449462     
   643.33990500000004        34029.586871476218     
   729.74414100000001        33169.631690132745     
   823.96783400000004        32349.313549085076     
   926.34490999999991        31565.145732112185     
   1037.2011720000000        30811.306387386583     
   1156.8536380000000        30085.550705575381     
   1285.6103519999999        29386.248440100248     
   1423.7701420000001        28711.892203099516     
   1571.6229249999999        28061.084307851219     
   1729.4489750000000        27432.530094680580     
   1897.5192870000001        26825.027079304025     
   2076.0959469999998        26237.456063958703     
   2265.4316410000001        25668.776142601157     
   2465.7705080000001        25118.015970579934     
   2677.3481449999999        24584.268832180776     
   2900.3913570000000        24066.688548096059     
   3135.1193850000000        23564.482365440075     
   3381.7436520000001        23076.908150460455     
   3640.4682619999999        22603.270089462691     
   3911.4904790000001        22142.914953928481     
   4194.9306640000004        21695.336255646747     
   4490.8173829999996        21260.156680157059     
   4799.1494140000004        20837.010035182007     
   5119.8950199999999        20425.542188542222     
   5452.9907229999999        20025.412317858896     
   5798.3447269999997        19635.983008774936     
   6156.0742190000001        19256.330686336129     
   6526.9467770000010        18885.346051716479     
   6911.8706050000010        18521.964684151095     
   7311.8691410000001        18165.193940848560     
   7728.1213840000000        17814.078400656144     
   8161.7858040000001        17467.843855595172     
   8614.5035659999994        17125.496338039458     
   9087.7487910000000        16786.346737356147     
   9582.8462920000002        16449.940140310769     
   10100.429016000000        16116.350437037150     
   10641.576486000000        15785.376683449216     
   11206.841359000000        15457.161220683058     
   11797.160108000000        15131.618003525648     
   12413.387252000000        14808.723887145963     
   13056.358571999999        14488.473711913790     
   13727.030519999998        14170.811532364529     
   14426.256905000000        13855.740759128212     
   15154.890873000000        13543.267864173735     
   15913.986059000001        13233.321014603252     
   16704.499786000000        12925.880732324225     
   17527.346434000003        12620.949189356557     
   18383.393616000001        12318.546440540900     
   19273.909436999998        12018.558701297448     
   20199.740581000002        11721.026305957610     
   21161.854293999997        11425.947797988028     
   22161.418043999998        11133.265518725717     
   23199.544849999998        10842.576845258778     
   24277.188287000001        10552.025709044434     
   25395.451319000000        10261.362381049652     
   26555.536568999996        9970.5824598587242     
   27758.484974999999        9679.7264560376116     
   29005.510590999998        9388.7953206519524     
   30297.651211999997        9097.8343000336481     
   31636.107406000003        8806.8529395748155     
   33022.002194000001        8515.8804205829674     
   34456.642849999997        8224.9100100765827     
   35941.109375000000        7933.9841778410419     
   37476.622155999998        7643.1180230535429     
   39064.449643999993        7352.3201118428069     
   40705.811513000001        7061.6103294583727     
   42401.916616000002        6771.0116063458227     
   44153.945565999995        6480.5521408930372     
   45963.222211999993        6190.2373324517757     
   47830.954987999998        5900.0927477859477     
   49758.399380999996        5610.1368697989346     
   51741.969956000001        5321.0831604935729     
   53771.926393999995        5034.4154751152837     
   55834.268475000004        4752.0121795367277     
   57919.287499999999        4474.9634245023781     
   60016.663386999993        4204.3042878164333     
   62116.207100000000        3940.9307163170838     
   64207.609219000005        3685.6501620425770     
   66280.814706000005        3439.1520015090969     
   68326.181637000002        3202.0078844364139     
   70334.656743999993        2974.6704674652556     
   72297.938287999990        2757.4736276163426     
   74208.573480999999        2550.6392135978904     
   76059.965824999992        2354.2916896609145     
   77846.605100000001        2168.4472377934130     
   79563.961425000001        1993.0370154961063     
   81208.497925000003        1827.9150331508374     
   82777.602899999998        1672.8720949073970     
   84269.638599999991        1527.6362110077159     
   85683.782836999992        1391.8918211676194     
   87020.032075000010        1265.2814861482866     
   88279.089200000002        1147.4175543468118     
   89462.203263000003        1037.8969192148911     
   90571.181775000005        936.29875986162870     
   91608.121549999996        842.20761417813276     
   92575.756225000005        755.17985485645818     
   93476.609688000011        674.81789111005492     
   94313.968600000007        600.68047382076327     
   95090.853761999999        532.37235460577369     
   95810.389199999991        469.50865231410893     
   96475.889500000005        411.70522551704005     
   97090.417612000005        358.61511233910284     
   97657.420938000010        309.87154678661744     
   98179.703899999993        265.17480017884009     
   98660.318786999997        224.21377236141134     
   99102.254911999989        186.69153764962405     
   99508.279775000003        152.33755423741849     
   99880.819711999997        120.91645403377969     
   100222.54375000001        92.177793847547960     
   100535.61473800000        65.918388114577795     
   100822.43678800001        41.918716011341445     
   101084.85975000000        20.009005468583076     
   101325.00000000000        0.0000000000000000     
