 0005 | 1662.037000 10.632418 5.000000  1880.468000 12.029769 5.000000  4837.553000 30.946895 5.000000  4735.634000 30.294897 5.000000  2516.096000 16.096022 5.000000  15631.788000 100.000000 5.000000 
 0016 | 692.384000 12.472821 12.002278  634.426000 11.428747 14.820231  1688.321000 30.413940 14.326520  1683.027000 30.318572 14.068800  852.984000 15.365919 14.748788  5551.142000 100.000000 14.079795 
 0032 | 415.194000 13.789917 20.015186  333.496000 11.076466 28.193262  965.213000 32.057803 25.059510  870.872000 28.924437 27.189036  426.077000 14.151376 29.526306  3010.852000 100.000000 25.959077 
 0064 | 254.763000 15.185607 32.619278  184.384000 10.990540 50.993253  547.736000 32.648789 44.159531  477.467000 28.460279 49.591218  213.311000 12.714786 58.977174  1677.661000 100.000000 46.588041 
 0080 | 219.954000 15.716321 37.781468  155.727000 11.127124 60.377070  450.623000 32.198259 53.676277  402.460000 28.756879 58.833598  170.762000 12.201417 73.672597  1399.526000 100.000000 55.846722 
 0160 | 158.517000 19.389557 52.424566  84.448000 10.329550 111.338812  244.951000 29.962032 98.745320  244.247000 29.875920 96.943545  85.375000 10.442940 147.355549  817.538000 100.000000 95.602822 
 0320 | 125.162000 25.560323 66.395432  40.217000 8.213032 233.790188  123.681000 25.257876 195.565730  157.994000 32.265206 149.867527  42.619000 8.703563 295.184777  489.673000 100.000000 159.614559 
 0400 | 116.349000 27.180218 71.424636  32.299000 7.545349 291.103130  102.713000 23.994720 235.488838  142.620000 33.317370 166.022788  34.084000 7.962342 369.102218  428.065000 100.000000 182.586617 
 0640 | 40.862000 17.796496 203.371959  15.669000 6.824269 600.059991  39.432000 17.173692 613.404468  112.333000 48.924031 210.785522  21.311000 9.281511 590.328000  229.607000 100.000000 340.403124 
 0800 | 37.764000 17.729994 220.055741  12.648000 5.938168 743.385515  32.175000 15.105988 751.756488  113.357000 53.220498 208.881410  17.051000 8.005352 737.814791  212.995000 100.000000 366.951994 
 0960 | 40.304000 20.210712 206.187599  10.633000 5.331989 884.260322  27.194000 13.636614 889.452269  107.083000 53.697491 221.119786  14.205000 7.123193 885.637452  199.419000 100.000000 391.933266 
