 0005 | 0.182000 0.000855 5.000000  5.150000 0.024182 5.000000  21291.602000 99.974320 5.000000  0.137000 0.000643 5.000000  21297.071000 100.000000 5.000000 
 0016 | 0.210000 0.002751 4.333333  3.730000 0.048867 6.903485  7628.937000 99.946980 13.954501  0.107000 0.001402 6.401869  7632.984000 100.000000 13.950685 
 0032 | 0.288000 0.006947 3.159722  3.624000 0.087422 7.105408  4141.482000 99.905534 25.705293  0.004000 0.000096 171.250000  4145.398000 100.000000 25.687607 
 0064 | 0.376000 0.015687 2.420213  3.489000 0.145559 7.380338  2393.073000 99.837795 44.485902  0.023000 0.000960 29.782609  2396.961000 100.000000 44.425151 
 0080 | 0.288000 0.014020 3.159722  3.553000 0.172961 7.247397  2050.368000 99.812338 51.921416  0.014000 0.000682 48.928571  2054.223000 100.000000 51.837291 
 0160 | 0.490000 0.035718 1.857143  6.241000 0.454926 4.125941  1365.126000 99.508336 77.984018  0.014000 0.001021 48.928571  1371.871000 100.000000 77.620531 
 0320 | 0.500000 0.045571 1.820000  6.429000 0.585956 4.005289  1090.241000 99.367470 97.646309  0.011000 0.001003 62.272727  1097.181000 100.000000 97.053590 
 0400 | 0.281000 0.025840 3.238434  14.300000 1.314984 1.800699  1072.879000 98.658625 99.226483  0.006000 0.000552 114.166667  1087.466000 100.000000 97.920629 
 0640 | 0.576000 0.060951 1.579861  13.762000 1.456275 1.871094  930.667000 98.481821 114.388938  0.009000 0.000952 76.111111  945.014000 100.000000 112.681246 
 0800 | 0.392000 0.036331 2.321429  21.472000 1.990061 1.199236  1057.096000 97.973423 100.707987  0.002000 0.000185 342.500000  1078.962000 100.000000 98.692405 
 0960 | 0.325000 0.023197 2.800000  70.171000 5.008415 0.366961  1330.564000 94.968246 80.009688  0.002000 0.000143 342.500000  1401.062000 100.000000 76.003314 
