 0005 | 2782.557000 56.957343 5.000000  24.877000 0.509218 5.000000  25.431000 0.520558 5.000000  307.893000 6.302393 5.000000  134.424000 2.751582 5.000000  364.890000 7.469089 5.000000  231.162000 4.731753 5.000000  185.692000 3.801009 5.000000  42.479000 0.869521 5.000000  0.001000 0.000020 5.000000  785.929000 16.087515 5.000000  4885.335000 100.000000 5.000000 
 0016 | 967.871000 55.338252 14.374627  10.066000 0.575526 12.356944  9.054000 0.517665 14.044069  130.719000 7.473889 11.776903  56.604000 3.236347 11.874073  131.272000 7.505507 13.898242  84.623000 4.838340 13.658343  68.376000 3.909414 13.578741  19.373000 1.107656 10.963454  0.001000 0.000057 5.000000  271.050000 15.497347 14.497860  1749.009000 100.000000 13.966009 
 0032 | 479.547000 57.504605 29.012349  3.649000 0.437568 34.087421  5.423000 0.650296 23.447354  68.888000 8.260665 22.347361  24.060000 2.885141 27.935162  63.211000 7.579911 28.862856  34.411000 4.126375 33.588387  20.838000 2.498777 44.556099  9.226000 1.106331 23.021353  0.001000 0.000120 5.000000  124.674000 14.950212 31.519362  833.928000 100.000000 29.291108 
 0064 | 239.853000 58.084647 58.005466  1.851000 0.448252 67.198811  2.598000 0.629152 48.943418  31.865000 7.716673 48.312098  11.674000 2.827066 57.574096  30.326000 7.343977 60.161248  16.562000 4.010781 69.786861  10.109000 2.448073 91.844891  6.075000 1.471169 34.962140  0.001000 0.000242 5.000000  62.023000 15.019967 63.357867  412.937000 100.000000 59.153515 
 0080 | 192.018000 58.490894 72.455629  1.502000 0.457526 82.812916  2.076000 0.632374 61.250000  24.646000 7.507455 62.463077  9.241000 2.814915 72.732388  22.612000 6.887876 80.685034  13.209000 4.023613 87.501703  8.008000 2.439329 115.941558  5.432000 1.654650 39.100700  0.001000 0.000305 5.000000  49.542000 15.091064 79.319466  328.287000 100.000000 74.406464 
 0160 | 95.942000 59.526602 145.012455  0.760000 0.471537 163.664474  0.959000 0.595005 132.591241  10.495000 6.511556 146.685565  4.427000 2.746704 151.822905  9.852000 6.112611 185.185749  6.203000 3.848612 186.330808  3.725000 2.311152 249.251007  4.130000 2.562432 51.427361  0.001000 0.000620 5.000000  24.681000 15.313169 159.217414  161.175000 100.000000 151.553746 
 0320 | 48.310000 60.191126 287.989754  0.392000 0.488407 317.308673  0.445000 0.554441 285.741573  4.339000 5.406113 354.797188  2.082000 2.594037 322.824207  4.320000 5.382440 422.326389  2.861000 3.564620 403.988116  1.712000 2.133041 542.324766  3.494000 4.353297 60.788495  0.001000 0.001246 5.000000  12.305000 15.331232 319.353515  80.261000 100.000000 304.340527 
 0400 | 38.422000 59.886530 362.104654  0.300000 0.467596 414.616667  0.352000 0.548646 361.235795  3.356000 5.230836 458.720203  1.609000 2.507871 417.725295  3.295000 5.135759 553.702580  2.242000 3.494498 515.526316  1.352000 2.107298 686.730769  3.379000 5.266685 62.857354  0.000000 0.000000 0.000000  9.851000 15.354282 398.908233  64.158000 100.000000 380.726877 
 0640 | 24.715000 59.724035 562.928788  0.180000 0.434972 691.027778  0.220000 0.531632 577.977273  1.942000 4.692862 792.721421  0.901000 2.177275 745.971143  1.844000 4.456044 989.398048  1.342000 3.242956 861.259314  0.814000 1.967039 1140.614251  3.196000 7.723165 66.456508  0.001000 0.002417 5.000000  6.227000 15.047605 631.065521  41.382000 100.000000 590.272945 
 0800 | 19.489000 58.518496 713.878855  0.146000 0.438386 851.952055  0.180000 0.540476 706.416667  1.527000 4.585035 1008.163065  0.687000 2.062815 978.340611  1.389000 4.170670 1313.498920  1.046000 3.140764 1104.980880  0.642000 1.927696 1446.199377  3.139000 9.425294 67.663269  0.000000 0.000000 0.000000  5.059000 15.190368 776.763194  33.304000 100.000000 733.445682 
 0960 | 16.170000 57.638839 860.407236  0.118000 0.420617 1054.110169  0.152000 0.541812 836.546053  1.236000 4.405789 1245.521845  0.556000 1.981892 1208.848921  1.091000 3.888928 1672.273144  0.853000 3.040565 1354.994138  0.529000 1.885649 1755.122873  3.098000 11.042989 68.558748  0.000000 0.000000 0.000000  4.251000 15.152919 924.404846  28.054000 100.000000 870.702039 
