 0005 | 13758.854000 64.618318 5.000000  5382.595000 25.279303 5.000000  377.642000 1.773592 5.000000  53.365000 0.250628 5.000000  1720.042000 8.078160 5.000000  21292.498000 100.000000 5.000000 
 0016 | 4752.291000 62.284963 14.476022  1935.329000 25.365007 13.906150  172.771000 2.264389 10.928975  37.737000 0.494593 7.070647  731.789000 9.591048 11.752308  7629.917000 100.000000 13.953296 
 0032 | 2358.260000 56.923712 29.171622  930.033000 22.449149 28.937656  267.049000 6.446032 7.070650  45.904000 1.108031 5.812674  541.597000 13.073076 15.879353  4142.843000 100.000000 25.697930 
 0064 | 1190.107000 49.704597 57.805113  459.571000 19.193897 58.561082  246.339000 10.288303 7.665088  72.611000 3.032585 3.674719  425.732000 17.780618 20.200995  2394.360000 100.000000 44.463861 
 0080 | 953.123000 46.449825 72.177746  365.437000 17.809333 73.646005  238.134000 11.605304 7.929191  87.469000 4.262744 3.050509  407.778000 19.872794 21.090422  2051.941000 100.000000 51.883797 
 0160 | 479.395000 35.023269 143.502268  178.506000 13.041153 150.767901  184.411000 13.472556 10.239140  163.005000 11.908693 1.636913  363.473000 26.554329 23.661207  1368.790000 100.000000 77.778542 
 0320 | 251.802000 23.015795 273.207798  88.318000 8.072648 304.728085  114.896000 10.501993 16.434080  331.307000 30.282896 0.805371  307.717000 28.126668 27.948440  1094.040000 100.000000 97.311332 
 0400 | 209.903000 19.458381 327.743148  70.600000 6.544745 381.203612  102.477000 9.499800 18.425696  407.114000 37.740190 0.655406  288.634000 26.756884 29.796247  1078.728000 100.000000 98.692618 
 0640 | 147.987000 15.723042 464.866982  45.459000 4.829842 592.027431  43.302000 4.600669 43.605607  608.839000 64.686771 0.438252  95.624000 10.159677 89.937777  941.211000 100.000000 113.112246 
 0800 | 129.230000 12.031390 532.339782  36.768000 3.423123 731.967336  43.917000 4.088699 42.994968  762.543000 70.993206 0.349915  101.649000 9.463582 84.606932  1074.107000 100.000000 99.117211 
 0960 | 112.656000 8.178104 610.657843  31.129000 2.259766 864.562787  40.403000 2.932999 46.734401  1083.435000 78.650442 0.246277  109.909000 7.978689 78.248460  1377.532000 100.000000 77.284949 
